
=============================

Answers :-
Little Gamma:
[ 0.00066044  0.00107797  0.00132119  0.00151851  0.00174658  0.00209292
  0.00268426  0.00369832  0.00529265  0.00703665  0.00382118]
Big Gamma:
[ 0.03095068  0.03029025  0.02921228  0.02789109  0.02637258  0.02462599
  0.02253307  0.01984881  0.01615049  0.01085784  0.00382118]
Lift: 0.0506148369499

Answers (Extra Credit) :-
Little Gamma:
[  7.49687799e-05   2.36065860e-04   4.33328120e-04   7.00468675e-04
   1.08776417e-03   1.67211915e-03   2.56599174e-03   3.90788989e-03
   5.76360990e-03   7.54923122e-03   3.99710822e-03]
Big Gamma:
[ 0.02798855  0.02791358  0.02767751  0.02724418  0.02654371  0.02545595
  0.02378383  0.02121784  0.01730995  0.01154634  0.00399711]
Lift: 0.049748054535

=============================

